스캔 시작 (3,903개 종목·일, 진입문턱 5개 x 청산 5변형)
ETA 추정: 40~70초 (직전 2,017파일 20.5초의 1.9배)
스캔 42.1초 | 종목·일 3,895 | 원본 88,691,592행 → 정규장 81,634,372행 (시간외 8.0% 제거) | 전일종가없음 8 | 종가불일치 제외 95
갭시작 373건 제외 → 매매가능 3,528건
IS(8월) 2,162건 / OOS(9월) 1,366건

=== 진입문턱 x 청산변형 (전수, 안 되는 것 포함) ===
   group variant   n  trades_per_day  hit15_pct  hit20_pct  gross_pct   net_pct  net_median_pct   win_pct     t_day           ci95
 IS X=5%      L3 610       32.105263  11.967213   6.885246   0.318832 -0.206035       -0.498550 42.131148 -0.462506  [-0.61, 0.19]
OOS X=5%      L3 396       28.285714  18.939394  10.858586   0.024577 -0.506834       -1.388585 34.848485 -1.462170  [-1.03, 0.06]
 IS X=5%     S15 610       32.105263  11.967213   6.885246   0.282381 -0.242486       -0.458425 42.459016 -0.574155  [-0.63, 0.14]
OOS X=5%     S15 396       28.285714  18.939394  10.858586   0.085741 -0.445670       -1.361707 35.101010 -1.193181  [-0.97, 0.11]
 IS X=5%     S20 610       32.105263  11.967213   6.885246   0.357314 -0.167553       -0.652525 41.475410 -0.354748  [-0.60, 0.26]
OOS X=5%     S20 396       28.285714  18.939394  10.858586   0.004480 -0.526931       -1.492205 32.828283 -1.620120  [-1.11, 0.08]
 IS X=5%   CLOSE 610       32.105263  11.967213   6.885246   0.247259 -0.277608       -0.683541 40.655738 -0.590020  [-0.73, 0.18]
OOS X=5%   CLOSE 396       28.285714  18.939394  10.858586   0.014008 -0.517403       -1.505678 32.323232 -1.462819  [-1.13, 0.16]
 IS X=5%  L3STOP 610       32.105263  11.967213   6.885246   0.208026 -0.316841       -0.801335 39.672131 -0.897108  [-0.68, 0.06]
OOS X=5%  L3STOP 396       28.285714  18.939394  10.858586   0.095307 -0.436104       -1.457605 33.585859 -1.400127  [-0.92, 0.08]
 IS X=6%      L3 510       26.842105  16.078431   9.607843   0.272276 -0.251067       -0.755249 41.372549 -0.506420  [-0.70, 0.21]
OOS X=6%      L3 327       23.357143  24.770642  14.373089   0.050716 -0.477322       -1.389235 34.556575 -1.262343  [-1.13, 0.14]
 IS X=6%     S15 510       26.842105  16.078431   9.607843   0.194833 -0.328510       -0.715408 41.764706 -0.720145  [-0.75, 0.11]
OOS X=6%     S15 327       23.357143  24.770642  14.373089   0.119281 -0.408758       -1.350343 35.474006 -0.984608  [-1.04, 0.20]
 IS X=6%     S20 510       26.842105  16.078431   9.607843   0.344840 -0.178503       -0.783169 40.588235 -0.332551  [-0.67, 0.33]
OOS X=6%     S20 327       23.357143  24.770642  14.373089   0.043407 -0.484631       -1.668451 31.192661 -1.376874  [-1.18, 0.18]
 IS X=6%   CLOSE 510       26.842105  16.078431   9.607843   0.191789 -0.331554       -0.896183 39.411765 -0.602303  [-0.85, 0.22]
OOS X=6%   CLOSE 327       23.357143  24.770642  14.373089   0.051323 -0.476716       -1.717862 30.581040 -1.166062  [-1.21, 0.27]
 IS X=6%  L3STOP 510       26.842105  16.078431   9.607843   0.103953 -0.419390       -0.978411 38.823529 -1.081553  [-0.82, 0.01]
OOS X=6%  L3STOP 327       23.357143  24.770642  14.373089   0.160736 -0.367302       -1.465291 32.415902 -1.018923  [-0.92, 0.19]
 IS X=7%      L3 407       21.421053  20.393120  12.285012   0.207999 -0.312928       -0.549017 42.506143 -0.550559  [-0.86, 0.21]
OOS X=7%      L3 261       18.642857  31.800766  18.390805   0.143754 -0.387964       -1.533910 39.463602 -0.879587  [-1.15, 0.33]
 IS X=7%     S15 407       21.421053  20.393120  12.285012   0.106049 -0.414878       -0.503309 43.243243 -0.793909  [-0.92, 0.07]
OOS X=7%     S15 261       18.642857  31.800766  18.390805   0.254214 -0.277505       -1.436971 41.762452 -0.588045  [-1.02, 0.40]
 IS X=7%     S20 407       21.421053  20.393120  12.285012   0.303869 -0.217058       -0.745437 41.769042 -0.348204  [-0.81, 0.37]
OOS X=7%     S20 261       18.642857  31.800766  18.390805   0.126455 -0.405263       -1.804799 34.482759 -0.954151  [-1.24, 0.40]
 IS X=7%   CLOSE 407       21.421053  20.393120  12.285012   0.059424 -0.461502       -0.907948 39.803440 -0.721868  [-1.11, 0.19]
OOS X=7%   CLOSE 261       18.642857  31.800766  18.390805   0.145278 -0.386441       -1.862564 33.716475 -0.778484  [-1.28, 0.52]
 IS X=7%  L3STOP 407       21.421053  20.393120  12.285012   0.131182 -0.389744       -0.974286 39.557740 -0.940994  [-0.85, 0.08]
OOS X=7%  L3STOP 261       18.642857  31.800766  18.390805   0.434493 -0.097226       -1.658601 38.314176 -0.279589  [-0.74, 0.54]
 IS X=8%      L3 346       18.210526  25.722543  15.028902   0.191891 -0.326502       -0.676821 41.907514 -0.597307  [-0.89, 0.24]
OOS X=8%      L3 212       15.142857  40.094340  23.113208   0.072518 -0.457743       -1.439498 43.867925 -1.141534  [-1.33, 0.35]
 IS X=8%     S15 346       18.210526  25.722543  15.028902   0.068459 -0.449934       -0.620967 43.063584 -0.887004  [-0.98, 0.07]
OOS X=8%     S15 212       15.142857  40.094340  23.113208   0.194424 -0.335837       -0.508291 47.169811 -0.746239  [-1.19, 0.45]
 IS X=8%     S20 346       18.210526  25.722543  15.028902   0.304063 -0.214330       -0.827165 40.751445 -0.356885  [-0.85, 0.41]
OOS X=8%     S20 212       15.142857  40.094340  23.113208   0.055279 -0.474982       -2.201857 36.320755 -1.098494  [-1.45, 0.45]
 IS X=8%   CLOSE 346       18.210526  25.722543  15.028902  -0.023170 -0.541563       -0.943544 38.439306 -0.825136  [-1.21, 0.15]
OOS X=8%   CLOSE 212       15.142857  40.094340  23.113208   0.090461 -0.439800       -2.291349 33.962264 -0.820993  [-1.53, 0.61]
 IS X=8%  L3STOP 346       18.210526  25.722543  15.028902   0.006103 -0.512291       -1.077066 37.861272 -1.221670 [-0.99, -0.02]
OOS X=8%  L3STOP 212       15.142857  40.094340  23.113208   0.532850  0.002589       -1.653657 41.981132  0.008675  [-0.70, 0.69]
 IS X=9%      L3 289       15.210526  34.602076  20.415225   0.323340 -0.195058       -0.260399 48.442907 -0.427645  [-0.85, 0.44]
OOS X=9%      L3 170       12.142857  50.588235  29.411765   0.287100 -0.245577       -0.220122 48.235294 -0.471163  [-1.23, 0.72]
 IS X=9%     S15 289       15.210526  34.602076  20.415225   0.146020 -0.372378        0.097560 50.173010 -0.834892  [-0.97, 0.21]
OOS X=9%     S15 170       12.142857  50.588235  29.411765   0.424052 -0.108624        4.396327 56.470588 -0.184046  [-1.01, 0.79]
 IS X=9%     S20 289       15.210526  34.602076  20.415225   0.471966 -0.046432       -0.560752 44.982699 -0.092033  [-0.79, 0.67]
OOS X=9%     S20 170       12.142857  50.588235  29.411765   0.279586 -0.253090       -1.590424 40.588235 -0.465997  [-1.38, 0.88]
 IS X=9%   CLOSE 289       15.210526  34.602076  20.415225   0.081267 -0.437131       -0.928165 42.214533 -0.728474  [-1.24, 0.36]
OOS X=9%   CLOSE 170       12.142857  50.588235  29.411765   0.265730 -0.266947       -1.784068 36.470588 -0.388810  [-1.51, 1.03]
 IS X=9%  L3STOP 289       15.210526  34.602076  20.415225   0.239581 -0.278817       -1.032618 43.944637 -0.713051  [-0.84, 0.26]
OOS X=9%  L3STOP 170       12.142857  50.588235  29.411765   0.769070  0.236393       -0.549270 45.882353  0.653271  [-0.52, 1.01]

=== 분할매도 L3 vs 일괄 S15/S20 vs CLOSE (OOS 기준 순수익%) ===
variant    CLOSE     L3  L3STOP    S15    S20
entry_pct                                    
0.05      -0.517 -0.507  -0.436 -0.446 -0.527
0.06      -0.477 -0.477  -0.367 -0.409 -0.485
0.07      -0.386 -0.388  -0.097 -0.278 -0.405
0.08      -0.440 -0.458   0.003 -0.336 -0.475
0.09      -0.267 -0.246   0.236 -0.109 -0.253

=== 공통종목(71개) 한정 — 유니버스 변화 통제 ===
   group   n  hit15_pct  hit20_pct   net_pct  net_median_pct   win_pct           ci95
 IS X=5% 360  11.666667   6.944444 -0.007577       -0.382039 44.166667  [-0.51, 0.50]
OOS X=5% 260  17.692308  10.769231 -0.837381       -1.593914 32.692308 [-1.52, -0.15]
 IS X=6% 308  15.909091  10.064935 -0.090605       -0.579186 41.558442  [-0.67, 0.48]
OOS X=6% 211  23.696682  14.691943 -0.870213       -1.877796 31.279621 [-1.68, -0.05]
 IS X=7% 243  20.576132  13.168724 -0.113762       -0.468117 43.621399  [-0.78, 0.55]
OOS X=7% 168  30.952381  19.047619 -0.894252       -1.768433 36.904762  [-1.86, 0.07]
 IS X=8% 211  25.592417  16.113744 -0.118910       -0.531003 43.601896  [-0.86, 0.60]
OOS X=8% 137  38.686131  24.087591 -1.018309       -2.219839 41.605839  [-2.17, 0.11]
 IS X=9% 178  32.022472  20.224719 -0.131472       -0.282527 47.191011  [-0.87, 0.63]
OOS X=9% 106  50.000000  31.132075 -0.727653       -0.549270 45.283019  [-2.04, 0.56]

전체 파이프라인 42.8초
